------------------------------------------------------------------------------------
Rayleigh-Benard (Strong Scaling)
------------------------------------------------------------------------------------
t_end:          10,000s
output_freq:    1000s
------------------------------------------------------------------------------------
iproc       jproc       Runtime(ms)
1           1           68133           
1           1           68216           
1           1           67596           
2           1           39166           
2           1           39476           
2           1           39014           
1           2           38964           
1           2           38504           
1           2           39077           
3           1           37487           
3           1           37591           
3           1           37304           
4           1           36026           
4           1           34882           
4           1           34636           
2           2           33195           
2           2           33271           
2           2           33457           
3           2           37650           
3           2           37207           
3           2           37096           

------------------------------------------------------------------------------------
Lid Driven Cavity (Weak Scaling)
------------------------------------------------------------------------------------
t_end:          50s
output_freq:    5s
------------------------------------------------------------------------------------
iproc       jproc       imax    jamx    xlength     ylength     Runtime(ms)     
1           1           50      50      1           1           5799
1           1           50      50      1           1           5639
1           1           50      50      1           1           5698
2           1           100     50      2           1           8329
2           1           100     50      2           1           8532
2           1           100     50      2           1           8442
1           2           50      100     1           2           6648
1           2           50      100     1           2           6784
1           2           50      100     1           2           6495
3           1           150     50      3           1           12161
3           1           150     50      3           1           11493
3           1           150     50      3           1           11609
1           3           50      150     1           3           7623
1           3           50      150     1           3           7836
1           3           50      150     1           3           7657
2           2           100     100     2           2           11946
2           2           100     100     2           2           11741
2           2           100     100     2           2           11941